0 0.046721 0.502198 0.041330 0.147253
0 0.073001 0.465385 0.038185 0.121978
0 0.086703 0.392857 0.033243 0.121978
0 0.115004 0.322527 0.043127 0.108791
0 0.118823 0.444505 0.050764 0.170330
0 0.097709 0.612088 0.041779 0.142857
0 0.124888 0.597802 0.035939 0.153846
0 0.152516 0.293407 0.039084 0.092308
0 0.152066 0.410989 0.043576 0.162637
0 0.155660 0.585714 0.047170 0.173626
0 0.153639 0.706593 0.036837 0.101099
0 0.174304 0.228022 0.032345 0.038462
0 0.185759 0.256593 0.032794 0.097802
0 0.181941 0.379121 0.036837 0.162637
0 0.185085 0.546154 0.047619 0.186813
0 0.215184 0.699451 0.050314 0.172527
0 0.185535 0.715934 0.045822 0.146154
0 0.209344 0.803297 0.032345 0.061538
0 0.242138 0.807692 0.048518 0.085714
0 0.265499 0.854945 0.037736 0.054945
0 0.287062 0.817582 0.047619 0.096703
0 0.297619 0.869231 0.033693 0.037363
0 0.328841 0.874725 0.036837 0.048352
0 0.362983 0.879121 0.036837 0.039560
0 0.399371 0.878571 0.028751 0.038462
0 0.423181 0.867582 0.026056 0.036264
0 0.460916 0.871429 0.028751 0.032967
0 0.543576 0.863736 0.019766 0.037363
0 0.561321 0.869231 0.027403 0.043956
0 0.588275 0.874176 0.026505 0.040659
0 0.614780 0.871978 0.023810 0.040659
0 0.636792 0.867033 0.024708 0.048352
0 0.661500 0.870330 0.032794 0.059341
0 0.691150 0.869231 0.028302 0.041758
0 0.323001 0.819780 0.035939 0.094505
0 0.347260 0.818132 0.038634 0.104396
0 0.381177 0.825824 0.047170 0.102198
0 0.405436 0.811538 0.038185 0.104396
0 0.436658 0.825824 0.037736 0.106593
0 0.462264 0.824176 0.035939 0.098901
0 0.489218 0.834615 0.037736 0.108791
0 0.517745 0.830769 0.039084 0.096703
0 0.246855 0.700000 0.041779 0.171429
0 0.274259 0.702747 0.051662 0.165934
0 0.305930 0.699451 0.039533 0.157143
0 0.334456 0.697253 0.042677 0.163736
0 0.366801 0.696154 0.040881 0.165934
0 0.391060 0.675275 0.041779 0.174725
0 0.420261 0.687912 0.039982 0.182418
0 0.451707 0.682418 0.032794 0.173626
0 0.479784 0.706593 0.031447 0.162637
0 0.505615 0.697253 0.043576 0.176923
0 0.526505 0.660989 0.044924 0.161538
0 0.556828 0.695604 0.038185 0.189011
0 0.579739 0.680220 0.036388 0.178022
0 0.611635 0.685714 0.039982 0.195604
0 0.636119 0.668681 0.038634 0.174725
0 0.668239 0.691209 0.043576 0.193407
0 0.699686 0.687912 0.040881 0.189011
0 0.703279 0.819780 0.032794 0.114286
0 0.672058 0.821429 0.035939 0.104396
0 0.642633 0.798352 0.039982 0.104396
0 0.622417 0.817033 0.039982 0.104396
0 0.591869 0.818681 0.035490 0.109890
0 0.569407 0.826374 0.028302 0.087912
0 0.518643 0.828022 0.039982 0.100000
0 0.214735 0.535714 0.041330 0.176923
0 0.244609 0.537912 0.041779 0.185714
0 0.275382 0.538462 0.040431 0.184615
0 0.306604 0.529121 0.044474 0.201099
0 0.340072 0.530220 0.045822 0.194505
0 0.368374 0.503846 0.043127 0.187912
0 0.402291 0.507143 0.045373 0.187912
0 0.441150 0.499451 0.046721 0.194505
0 0.476415 0.529121 0.053459 0.194505
0 0.503594 0.489011 0.044924 0.206593
0 0.539308 0.503846 0.041779 0.194505
0 0.570755 0.497253 0.047170 0.190110
0 0.608715 0.495055 0.045822 0.196703
0 0.649371 0.495604 0.039084 0.217582
0 0.679470 0.509341 0.039982 0.209890
0 0.732480 0.823626 0.035490 0.104396
0 0.759659 0.822527 0.031447 0.102198
0 0.789757 0.827473 0.039533 0.098901
0 0.824124 0.830220 0.037287 0.106593
0 0.730458 0.691758 0.031447 0.176923
0 0.756514 0.692857 0.037736 0.176923
0 0.791330 0.704396 0.035490 0.189011
0 0.828616 0.692857 0.049865 0.181319
0 0.710243 0.513187 0.035040 0.202198
0 0.741689 0.507692 0.034142 0.210989
0 0.777403 0.510440 0.039084 0.214286
0 0.809973 0.524725 0.038634 0.214286
0 0.844340 0.521429 0.042677 0.198901
0 0.886119 0.540659 0.047170 0.180220
0 0.925651 0.506593 0.053459 0.153846
0 0.966307 0.547802 0.044924 0.150549
0 0.933962 0.635165 0.062893 0.136264
0 0.896451 0.698352 0.054358 0.161538
0 0.860288 0.712088 0.037736 0.173626
0 0.859838 0.832418 0.039533 0.095604
0 0.889488 0.828022 0.037736 0.095604
0 0.929695 0.827473 0.048967 0.065934
0 0.926999 0.756044 0.042677 0.109890
0 0.965633 0.711538 0.039084 0.139560
0 0.210467 0.363187 0.043576 0.172527
0 0.241240 0.354396 0.041330 0.172527
0 0.271563 0.363187 0.037287 0.170330
0 0.297619 0.346154 0.038185 0.175824
0 0.330189 0.342308 0.043127 0.176923
0 0.360961 0.321429 0.033693 0.163736
0 0.390162 0.330769 0.032794 0.169231
0 0.421384 0.330769 0.041330 0.164835
0 0.457547 0.329121 0.041779 0.198901
0 0.484726 0.301099 0.044924 0.189011
0 0.519542 0.317033 0.039982 0.187912
0 0.553010 0.317033 0.037736 0.168132
0 0.586478 0.306044 0.036388 0.201099
0 0.618823 0.310440 0.040881 0.187912
0 0.647125 0.299451 0.039982 0.172527
0 0.677898 0.312088 0.038634 0.197802
0 0.707772 0.318132 0.043576 0.192308
0 0.738544 0.307143 0.036837 0.196703
0 0.769542 0.310989 0.038634 0.204396
0 0.804807 0.326923 0.040881 0.196703
0 0.837826 0.308242 0.046721 0.218681
0 0.872866 0.365385 0.044924 0.190110
0 0.910153 0.352747 0.047619 0.173626
0 0.953279 0.380769 0.045822 0.181319
0 0.216083 0.248901 0.043127 0.073626
0 0.255391 0.241209 0.042677 0.089011
0 0.287062 0.224176 0.036837 0.103297
0 0.315588 0.204396 0.037287 0.109890
0 0.348832 0.198901 0.038185 0.116484
0 0.376460 0.186264 0.032345 0.119780
0 0.409479 0.193956 0.046271 0.115385
0 0.436882 0.169231 0.032794 0.129670
0 0.460243 0.173626 0.039982 0.123077
0 0.488769 0.153846 0.041330 0.105495
0 0.519542 0.164286 0.039982 0.130769
0 0.544474 0.174176 0.021563 0.121978
0 0.572552 0.168681 0.045373 0.113187
0 0.602650 0.153297 0.030099 0.137363
0 0.632749 0.154945 0.044474 0.138462
0 0.664196 0.147802 0.037287 0.154945
0 0.694070 0.151648 0.035040 0.142857
0 0.721249 0.159890 0.036388 0.139560
0 0.754942 0.144505 0.039084 0.143956
0 0.791105 0.160440 0.045822 0.142857
0 0.824573 0.153846 0.042677 0.147253
0 0.857367 0.113736 0.042677 0.093407
0 0.871518 0.207692 0.059299 0.138462
0 0.921608 0.221978 0.052561 0.142857
0 0.958670 0.246154 0.037736 0.138462
0 0.946990 0.154396 0.040431 0.095604
0 0.918688 0.106044 0.035939 0.104396
0 0.883199 0.092857 0.047619 0.115385
0 0.464735 0.098901 0.031896 0.052747
0 0.494834 0.086813 0.038185 0.046154
0 0.529874 0.095055 0.038185 0.060440
0 0.573450 0.091209 0.052561 0.076923
0 0.611635 0.069780 0.030099 0.049451
0 0.637916 0.074725 0.037736 0.059341
0 0.666217 0.055495 0.037736 0.056044
0 0.697439 0.060989 0.031896 0.060440
0 0.732031 0.067033 0.038185 0.074725
0 0.762354 0.062088 0.032345 0.060440
0 0.795822 0.069780 0.039982 0.062637
0 0.827269 0.054945 0.030099 0.046154
