0 0.169423 0.306074 0.029730 0.109217
0 0.196495 0.263985 0.037015 0.110282
0 0.226324 0.225626 0.038787 0.114544
0 0.255365 0.228023 0.035440 0.114012
0 0.285686 0.205381 0.037409 0.108151
0 0.314530 0.196058 0.038393 0.118274
0 0.343768 0.175546 0.029927 0.108151
0 0.373696 0.178743 0.037015 0.109217
0 0.401949 0.163825 0.031699 0.113479
0 0.424690 0.170218 0.032290 0.123069
0 0.451762 0.168354 0.029730 0.122536
0 0.474109 0.184070 0.033077 0.114544
0 0.488482 0.127864 0.033077 0.059670
0 0.504627 0.182738 0.035440 0.124667
0 0.512798 0.116942 0.018311 0.039957
0 0.528155 0.156633 0.023036 0.099094
0 0.548829 0.111082 0.025792 0.044219
0 0.554243 0.188066 0.028352 0.106553
0 0.579051 0.110549 0.030715 0.050613
0 0.580725 0.165956 0.021461 0.109217
0 0.605533 0.110282 0.029730 0.029835
0 0.606714 0.170218 0.038000 0.110282
0 0.637429 0.100693 0.031305 0.028769
0 0.630636 0.153969 0.024414 0.111881
0 0.666371 0.091636 0.031699 0.039425
0 0.692656 0.097496 0.031108 0.040490
0 0.722386 0.098029 0.032290 0.052211
0 0.751427 0.094299 0.036424 0.046883
0 0.785489 0.092435 0.033668 0.050613
0 0.819650 0.092968 0.033471 0.049547
0 0.854007 0.106553 0.042725 0.047949
0 0.659972 0.156633 0.037803 0.119339
0 0.689998 0.155301 0.035637 0.116676
0 0.721500 0.163292 0.034062 0.114544
0 0.749262 0.159030 0.032093 0.127331
0 0.782142 0.161161 0.042331 0.120938
0 0.816992 0.152637 0.038787 0.109217
0 0.853908 0.174747 0.043709 0.124667
0 0.887379 0.172882 0.048041 0.120938
0 0.918980 0.153436 0.038393 0.069259
0 0.920654 0.226692 0.052373 0.103889
0 0.957275 0.279435 0.028352 0.133724
0 0.935814 0.361215 0.052766 0.170485
0 0.964954 0.402770 0.024414 0.118274
0 0.966430 0.539425 0.027368 0.162493
0 0.937094 0.528769 0.040756 0.161428
0 0.941918 0.684869 0.041741 0.173149
0 0.961804 0.687533 0.020083 0.149707
0 0.912089 0.816196 0.046663 0.131060
0 0.884918 0.893447 0.045088 0.064997
0 0.843965 0.916090 0.038000 0.063399
0 0.814432 0.920085 0.031699 0.060735
0 0.780469 0.923548 0.035046 0.062334
0 0.753889 0.925147 0.025989 0.050613
0 0.728490 0.921417 0.024020 0.061268
0 0.702008 0.925147 0.037606 0.063399
0 0.671983 0.921151 0.026383 0.071391
0 0.645304 0.922749 0.028943 0.071391
0 0.619118 0.920085 0.029336 0.060735
0 0.592735 0.910229 0.029336 0.067661
0 0.561528 0.909696 0.034259 0.063399
0 0.534357 0.899840 0.028746 0.057539
0 0.508466 0.895578 0.028943 0.053277
0 0.474404 0.891582 0.040362 0.063399
0 0.442902 0.883058 0.030124 0.062334
0 0.411203 0.883058 0.038000 0.051678
0 0.377141 0.880394 0.029336 0.057006
0 0.346131 0.876399 0.037409 0.070325
0 0.313546 0.872669 0.033668 0.064997
0 0.285095 0.864678 0.032684 0.083111
0 0.254676 0.854289 0.036031 0.072989
0 0.218842 0.835642 0.045088 0.081513
0 0.188128 0.801811 0.038393 0.074587
0 0.170900 0.803143 0.034652 0.090037
0 0.142252 0.777038 0.046663 0.081513
0 0.090569 0.734417 0.038984 0.060202
0 0.138019 0.297017 0.031108 0.051678
0 0.191475 0.368940 0.033668 0.102824
0 0.224454 0.339904 0.048435 0.117208
0 0.268754 0.314598 0.048041 0.126265
0 0.299272 0.316462 0.035046 0.140650
0 0.328116 0.305274 0.039968 0.165157
0 0.363457 0.299414 0.041347 0.180075
0 0.389545 0.287960 0.034062 0.168887
0 0.413861 0.303410 0.033471 0.176345
0 0.441032 0.302877 0.033077 0.175280
0 0.470467 0.307938 0.033668 0.193926
0 0.502953 0.312467 0.041937 0.174214
0 0.525005 0.287693 0.036031 0.189664
0 0.548533 0.320458 0.041741 0.156100
0 0.579543 0.303410 0.032487 0.176345
0 0.607895 0.295685 0.041150 0.169419
0 0.632802 0.287960 0.027958 0.168887
0 0.660760 0.293021 0.037409 0.182206
0 0.694133 0.293554 0.034062 0.177944
0 0.726226 0.289025 0.038787 0.187001
0 0.758220 0.295685 0.028746 0.187533
0 0.788639 0.299148 0.042725 0.198721
0 0.825458 0.280767 0.036424 0.185402
0 0.861685 0.313266 0.036031 0.183271
0 0.894763 0.324987 0.040756 0.177944
0 0.896239 0.494140 0.036621 0.188066
0 0.897913 0.679542 0.045088 0.193394
0 0.870348 0.834843 0.032093 0.106553
0 0.835893 0.825786 0.040362 0.140650
0 0.795826 0.847896 0.037015 0.145445
0 0.765899 0.851891 0.030715 0.132126
0 0.739516 0.841502 0.032684 0.134790
0 0.708998 0.838039 0.031108 0.141716
0 0.682812 0.835376 0.030715 0.141716
0 0.652491 0.829249 0.034652 0.139052
0 0.626895 0.835642 0.026383 0.144379
0 0.604745 0.823388 0.036031 0.127331
0 0.577771 0.840703 0.027368 0.123601
0 0.551979 0.832978 0.034062 0.120938
0 0.529829 0.833777 0.029140 0.129995
0 0.501772 0.828450 0.033668 0.135322
0 0.476767 0.827651 0.025792 0.115610
0 0.451565 0.820458 0.038000 0.124667
0 0.423016 0.810868 0.029730 0.141716
0 0.395944 0.812733 0.035046 0.127331
0 0.374286 0.811668 0.028352 0.127331
0 0.348789 0.799414 0.032093 0.133724
0 0.317385 0.790091 0.035440 0.147043
0 0.290510 0.785562 0.036424 0.137986
0 0.263044 0.775972 0.037409 0.133724
0 0.234298 0.767448 0.035440 0.114544
0 0.204765 0.730954 0.043709 0.166223
0 0.173755 0.688865 0.042331 0.154502
0 0.222091 0.638519 0.043709 0.150773
0 0.258220 0.645978 0.038393 0.173149
0 0.288246 0.638519 0.033077 0.174214
0 0.319059 0.640117 0.034062 0.184869
0 0.348100 0.648908 0.036621 0.213106
0 0.375369 0.656100 0.038393 0.209377
0 0.400965 0.644379 0.031699 0.198721
0 0.430203 0.665424 0.034652 0.214172
0 0.459933 0.684337 0.036621 0.197656
0 0.485233 0.658764 0.036031 0.204049
0 0.515456 0.679808 0.028352 0.196058
0 0.543316 0.692062 0.030124 0.194992
0 0.571077 0.692062 0.038000 0.200320
0 0.601890 0.677144 0.037015 0.170485
0 0.634278 0.680874 0.032487 0.167288
0 0.666667 0.683538 0.038984 0.172616
0 0.696003 0.679542 0.032290 0.185935
0 0.726029 0.691529 0.033668 0.177944
0 0.761075 0.687267 0.041150 0.206713
0 0.792971 0.698455 0.034062 0.187533
0 0.826541 0.667288 0.041741 0.199787
0 0.861193 0.694459 0.041741 0.187001
0 0.192164 0.497869 0.035046 0.169952
0 0.222485 0.480288 0.040953 0.181673
0 0.253889 0.472563 0.033668 0.184337
0 0.282536 0.461375 0.038984 0.175812
0 0.319354 0.458178 0.039378 0.189664
0 0.352432 0.472829 0.032684 0.180607
0 0.384328 0.466436 0.037015 0.169952
0 0.419866 0.470432 0.035243 0.196058
0 0.453239 0.492009 0.037409 0.192328
0 0.478441 0.480820 0.026383 0.167821
0 0.504430 0.484550 0.030321 0.185935
0 0.532979 0.498402 0.029927 0.208311
0 0.563005 0.493873 0.031305 0.212040
0 0.590569 0.489345 0.029730 0.208311
0 0.619610 0.491209 0.032290 0.217368
0 0.647273 0.486148 0.034456 0.227491
0 0.677299 0.486148 0.037015 0.222163
0 0.708309 0.486681 0.033668 0.221097
0 0.737350 0.489345 0.030321 0.221097
0 0.767277 0.483484 0.042134 0.206180
0 0.802126 0.493873 0.035834 0.217368
0 0.837468 0.469899 0.042331 0.213106
0 0.867494 0.502930 0.037409 0.201385
