0 0.140777 0.429715 0.038835 0.129893
0 0.134304 0.718861 0.046926 0.110320
0 0.122168 0.326512 0.032362 0.040925
0 0.156958 0.269573 0.043689 0.083630
0 0.193366 0.238434 0.043689 0.060498
0 0.227751 0.225089 0.039644 0.069395
0 0.260922 0.213523 0.042880 0.081851
0 0.299757 0.213523 0.044498 0.074733
0 0.298139 0.170819 0.023463 0.028470
0 0.320793 0.179715 0.021845 0.046263
0 0.329693 0.233986 0.025081 0.058719
0 0.343851 0.177046 0.027508 0.055160
0 0.367718 0.153915 0.028317 0.030249
0 0.394822 0.144128 0.027508 0.042705
0 0.421521 0.135231 0.024272 0.053381
0 0.449029 0.137900 0.030744 0.069395
0 0.474919 0.143238 0.027508 0.058719
0 0.504045 0.137011 0.035599 0.071174
0 0.529531 0.126335 0.031553 0.074733
0 0.556230 0.128114 0.025081 0.074733
0 0.578479 0.133452 0.027508 0.078292
0 0.602751 0.126335 0.035599 0.092527
0 0.631877 0.110320 0.022654 0.060498
0 0.658981 0.112989 0.033172 0.076512
0 0.688107 0.122776 0.033172 0.092527
0 0.713188 0.121886 0.026699 0.080071
0 0.737055 0.115658 0.033981 0.078292
0 0.765372 0.105872 0.030744 0.076512
0 0.798544 0.104982 0.037217 0.081851
0 0.835356 0.099644 0.039644 0.067616
0 0.876214 0.122776 0.045307 0.074733
0 0.921926 0.134342 0.044498 0.048043
0 0.966828 0.174377 0.040453 0.081851
0 0.963997 0.258007 0.038026 0.124555
0 0.963592 0.369217 0.038835 0.119217
0 0.961974 0.474199 0.040453 0.097865
0 0.959142 0.583630 0.046117 0.124555
0 0.971683 0.691281 0.032362 0.101423
0 0.952265 0.741103 0.024272 0.101423
0 0.936489 0.692171 0.042880 0.088968
0 0.926375 0.774021 0.032362 0.088968
0 0.900485 0.792705 0.030744 0.083630
0 0.866505 0.812278 0.033981 0.065836
0 0.834547 0.818505 0.028317 0.067616
0 0.811893 0.812278 0.021845 0.076512
0 0.781958 0.811388 0.039644 0.088968
0 0.752832 0.809609 0.031553 0.074733
0 0.732605 0.814057 0.016990 0.058719
0 0.728964 0.850534 0.019417 0.024911
0 0.710356 0.811388 0.029126 0.067616
0 0.703479 0.851423 0.023463 0.033808
0 0.677994 0.806050 0.030744 0.078292
0 0.652104 0.818505 0.029126 0.071174
0 0.653722 0.858541 0.017799 0.026690
0 0.626618 0.855872 0.028317 0.039146
0 0.627023 0.826512 0.025890 0.048043
0 0.595874 0.822064 0.029935 0.056940
0 0.599919 0.856762 0.021845 0.033808
0 0.565939 0.821174 0.028317 0.058719
0 0.574434 0.860320 0.017799 0.030249
0 0.537621 0.819395 0.021845 0.062278
0 0.550162 0.853203 0.021036 0.026690
0 0.526699 0.854093 0.011327 0.017794
0 0.510518 0.821174 0.030744 0.065836
0 0.504854 0.856762 0.022654 0.030249
0 0.483414 0.817616 0.028317 0.076512
0 0.481796 0.858541 0.029935 0.040925
0 0.452265 0.861210 0.025890 0.032028
0 0.455906 0.812278 0.029935 0.080071
0 0.430016 0.819395 0.031553 0.072954
0 0.423544 0.862100 0.026699 0.030249
0 0.404935 0.801601 0.033172 0.080071
0 0.400485 0.858541 0.027508 0.033808
0 0.374191 0.854982 0.026699 0.044484
0 0.375000 0.801601 0.029935 0.083630
0 0.346278 0.790036 0.035599 0.081851
0 0.348301 0.846975 0.031553 0.056940
0 0.315939 0.844306 0.031553 0.058719
0 0.309466 0.772242 0.033172 0.085409
0 0.286812 0.831851 0.031553 0.062278
0 0.255259 0.816726 0.026699 0.074733
0 0.269013 0.766014 0.041262 0.083630
0 0.227751 0.732206 0.046117 0.097865
0 0.219256 0.786477 0.046926 0.103203
0 0.180825 0.733096 0.044498 0.106762
0 0.194984 0.680605 0.024272 0.062278
0 0.205906 0.635231 0.033172 0.096085
0 0.241909 0.653915 0.040453 0.115658
0 0.275890 0.669039 0.032362 0.128114
0 0.302589 0.669929 0.035599 0.119217
0 0.332120 0.684164 0.033172 0.133452
0 0.361246 0.686833 0.034790 0.124555
0 0.392395 0.695730 0.035599 0.113879
0 0.418689 0.719751 0.031553 0.119217
0 0.442961 0.712633 0.033172 0.119217
0 0.471278 0.716192 0.028317 0.122776
0 0.498786 0.727758 0.026699 0.124555
0 0.526294 0.725979 0.031553 0.124555
0 0.552994 0.733986 0.028317 0.126335
0 0.579288 0.733986 0.029126 0.115658
0 0.608414 0.751779 0.032362 0.115658
0 0.639563 0.740214 0.028317 0.113879
0 0.659790 0.733096 0.031553 0.081851
0 0.689725 0.732206 0.039644 0.101423
0 0.724919 0.733986 0.038835 0.101423
0 0.758091 0.721530 0.033981 0.101423
0 0.796521 0.733986 0.038026 0.104982
0 0.838188 0.734875 0.040453 0.106762
0 0.883495 0.732206 0.045307 0.076512
0 0.917880 0.637011 0.036408 0.128114
0 0.885518 0.632562 0.031553 0.126335
0 0.851133 0.617438 0.037217 0.142349
0 0.819175 0.616548 0.028317 0.144128
0 0.790858 0.606762 0.025081 0.142349
0 0.763350 0.599644 0.033172 0.142349
0 0.733010 0.600534 0.037217 0.169039
0 0.709142 0.612989 0.039644 0.165480
0 0.682848 0.612100 0.035599 0.167260
0 0.655744 0.624555 0.036408 0.153025
0 0.633900 0.574733 0.047735 0.149466
0 0.618932 0.651246 0.040453 0.124555
0 0.593042 0.588078 0.040453 0.151246
0 0.562298 0.598754 0.037217 0.161922
0 0.536003 0.597865 0.038026 0.163701
0 0.510922 0.602313 0.036408 0.158363
0 0.483010 0.576512 0.035599 0.163701
0 0.457929 0.584520 0.038835 0.154804
0 0.429207 0.580961 0.039644 0.161922
0 0.398463 0.575623 0.038026 0.154804
0 0.366909 0.558719 0.038026 0.131673
0 0.337783 0.548043 0.036408 0.142349
0 0.302589 0.542705 0.042071 0.149466
0 0.264968 0.533808 0.044498 0.142349
0 0.230987 0.524021 0.047735 0.137011
0 0.194984 0.520463 0.046926 0.122776
0 0.166262 0.541815 0.052589 0.119217
0 0.174757 0.412811 0.040453 0.135231
0 0.209951 0.404804 0.044498 0.115658
0 0.245550 0.401246 0.041262 0.126335
0 0.281149 0.411032 0.038026 0.138790
0 0.312298 0.416370 0.040453 0.153025
0 0.338997 0.396797 0.033981 0.156584
0 0.363269 0.422598 0.038835 0.151246
0 0.393608 0.428826 0.033172 0.149466
0 0.422330 0.427936 0.033981 0.165480
0 0.449029 0.435053 0.027508 0.158363
0 0.473706 0.424377 0.029935 0.154804
0 0.499191 0.445730 0.030744 0.165480
0 0.528317 0.440391 0.035599 0.165480
0 0.556634 0.434164 0.033981 0.163701
0 0.584142 0.436833 0.027508 0.165480
0 0.607605 0.445730 0.037217 0.169039
0 0.633495 0.427936 0.035599 0.154804
0 0.658172 0.456406 0.029935 0.172598
0 0.685680 0.459964 0.028317 0.161922
0 0.714401 0.457295 0.033981 0.174377
0 0.737460 0.443950 0.029935 0.147687
0 0.764563 0.441281 0.037217 0.170819
0 0.795712 0.453737 0.033172 0.170819
0 0.822816 0.459075 0.027508 0.163701
0 0.851942 0.469751 0.033981 0.145907
0 0.887136 0.490214 0.033172 0.169039
0 0.925971 0.505338 0.039644 0.142349
0 0.931230 0.382562 0.046926 0.120996
0 0.887945 0.336299 0.044498 0.124555
0 0.925566 0.278470 0.040453 0.083630
0 0.934871 0.185943 0.039644 0.094306
0 0.896845 0.206406 0.042880 0.113879
0 0.862460 0.237544 0.045307 0.104982
0 0.847896 0.342527 0.042071 0.122776
0 0.808252 0.323843 0.040453 0.113879
0 0.813107 0.208185 0.040453 0.120996
0 0.781958 0.179715 0.036408 0.106762
0 0.755259 0.196619 0.028317 0.104982
0 0.770227 0.305160 0.042071 0.115658
0 0.726133 0.330961 0.039644 0.081851
0 0.727751 0.218861 0.034790 0.135231
0 0.697411 0.235765 0.035599 0.112100
0 0.680825 0.315836 0.046117 0.108541
0 0.632282 0.300712 0.044498 0.092527
0 0.669903 0.200178 0.043689 0.122776
0 0.630663 0.193060 0.046117 0.112100
0 0.603560 0.225089 0.037217 0.112100
0 0.587783 0.311388 0.041262 0.092527
0 0.552589 0.295374 0.033981 0.103203
0 0.569984 0.215302 0.036408 0.106762
0 0.538835 0.201957 0.037217 0.097865
0 0.501214 0.205516 0.039644 0.087189
0 0.468851 0.212633 0.031553 0.097865
0 0.437298 0.209964 0.038026 0.092527
0 0.403317 0.208185 0.031553 0.092527
0 0.374595 0.201068 0.035599 0.088968
0 0.357201 0.248221 0.041262 0.080071
0 0.376214 0.301601 0.033981 0.090747
0 0.408981 0.302491 0.039644 0.103203
0 0.444175 0.308719 0.038835 0.112100
0 0.479369 0.306050 0.039644 0.113879
0 0.518204 0.301601 0.038026 0.115658
0 0.319579 0.292705 0.046926 0.104982
0 0.279935 0.298043 0.035599 0.101423
0 0.252427 0.300712 0.033981 0.110320
0 0.220469 0.305160 0.039644 0.104982
0 0.194579 0.316726 0.039644 0.085409
0 0.162217 0.323843 0.034790 0.085409
